0.00875932 0.0475496
0.00875537 0.0475481
0.00873301 0.0475399
0.00876942 0.0475603
0.00898153 0.0476409
0.00928508 0.0478114
0.0101883 0.0482119
0.0114662 0.0487938
0.0126339 0.0492164
0.0145958 0.0499216
0.0159554 0.0502947
0.0174144 0.0505894
0.0187915 0.0509161
0.0208668 0.0514976
0.0224356 0.0518795
0.0255342 0.0526206
0.0272664 0.0528968
0.0296692 0.0535793
0.0312273 0.0540059
0.0345343 0.0550232
0.0373422 0.0556769
0.0402384 0.0564124
0.0422306 0.0567429
0.0449342 0.0572189
0.0468321 0.0574986
0.0484871 0.0578127
0.0510279 0.0584362
0.0524917 0.0589782
0.0540864 0.0597188
0.0564437 0.0610775
0.0577571 0.0618718
0.0593147 0.0627032
0.0609924 0.063648
0.0621519 0.0646925
0.063635 0.0656482
0.0652018 0.0664838
0.0666479 0.0673664
0.0680976 0.0683037
0.0695955 0.0693217
0.0717009 0.0707062
0.0729136 0.0717205
0.0742188 0.0728973
0.0755581 0.0740579
0.0768029 0.0754049
0.0785449 0.0772216
0.0797583 0.0784702
0.0810374 0.0797708
0.0828048 0.0815851
0.0844147 0.0834132
0.0854987 0.0847798
0.086615 0.0861843
0.0877644 0.0874084
0.0896007 0.0890799
0.0908552 0.0903632
0.0928877 0.092109
0.0940284 0.0933167
0.095355 0.0946865
0.0971715 0.0965814
0.0982449 0.0977047
0.0992725 0.0988554
0.100462 0.0999003
0.101766 0.101097
0.103047 0.102424
0.104748 0.104201
0.105431 0.104831
0.107188 0.106808
0.108348 0.10808
0.109518 0.109174
0.110692 0.11038
0.111908 0.111628
0.113249 0.112849
0.115047 0.114676
0.116355 0.115973
0.11759 0.117374
0.119373 0.119204
0.120508 0.120436
0.121774 0.12168
0.123025 0.122907
0.124184 0.124244
0.125985 0.125976
0.1279 0.127849
0.129082 0.128998
0.130085 0.130142
0.131263 0.131411
0.132489 0.132666
0.133629 0.133873
0.134798 0.134976
0.135955 0.136146
0.137854 0.138019
0.139749 0.140013
0.140905 0.141147
0.14272 0.142983
0.143831 0.144219
0.14555 0.145942
0.146816 0.147169
0.148059 0.148328
0.149331 0.14952
0.151054 0.151228
0.152809 0.153096
0.153996 0.154422
0.155131 0.155639
0.156236 0.15679
0.158238 0.158536
0.159352 0.159797
0.160514 0.161028
0.161578 0.162334
0.163467 0.164205
0.164835 0.165434
0.165906 0.166721
0.167159 0.168088
0.168404 0.169491
0.170247 0.171389
0.171247 0.172559
0.173099 0.174359
0.174319 0.175719
0.175414 0.17695
0.177215 0.178648
0.178549 0.179874
0.1797 0.18112
0.180904 0.18225
0.182774 0.184243
0.184626 0.186233
0.185751 0.187419
0.186952 0.188492
0.188906 0.190501
0.190121 0.191872
0.191154 0.193057
0.193166 0.195033
0.194485 0.19635
0.195598 0.197691
0.196669 0.199003
0.197937 0.200332
0.199974 0.202099
0.201522 0.203744
0.202956 0.205075
0.204819 0.207092
0.205929 0.20831
0.20782 0.210196
0.209029 0.211594
0.210254 0.212842
0.211225 0.214086
0.212577 0.215352
0.213866 0.216578
0.215571 0.218336
0.216734 0.219536
0.218206 0.220919
0.219444 0.22224
0.221047 0.224047
0.2222 0.225249
0.223403 0.226617
0.224538 0.227779
0.226282 0.229452
0.227657 0.230719
0.229433 0.232603
0.230503 0.233772
0.231624 0.234942
0.233419 0.236847
0.235222 0.238573
0.236374 0.239694
0.237744 0.240962
0.239087 0.242276
0.240635 0.244195
0.242416 0.246116
0.243614 0.247318
0.244801 0.248502
0.245766 0.249682
0.246994 0.25092
0.248866 0.252773
0.250402 0.254473
0.251392 0.25571
0.252755 0.256959
0.25447 0.258834
0.255549 0.259961
0.256744 0.261218
0.258717 0.262966
0.260254 0.264754
0.261418 0.26592
0.262764 0.267224
0.264513 0.268987
0.266048 0.270769
0.267322 0.271939
0.268665 0.273122
0.269816 0.274398
0.270878 0.275656
0.272167 0.276927
0.273533 0.278226
0.275035 0.279963
0.276119 0.281241
0.277412 0.282471
0.279706 0.284912
0.280783 0.28605
0.282144 0.287299
0.283387 0.288498
0.285063 0.290088
0.286204 0.291309
0.288072 0.293118
0.289732 0.294846
0.290799 0.295952
0.292324 0.297084
0.293435 0.298303
0.294973 0.300019
0.296238 0.301227
0.298058 0.303172
0.298969 0.304402
0.300065 0.305709
0.302 0.307268
0.303691 0.308952
0.30472 0.310048
0.305908 0.31123
0.307168 0.312494
0.308649 0.314236
0.309749 0.315519
0.311482 0.317242
0.31266 0.318366
0.31381 0.319603
0.314945 0.320616
0.316234 0.3219
0.317344 0.323013
0.318858 0.324751
0.320066 0.326055
0.321266 0.32726
0.322476 0.328362
0.324216 0.330084
0.325419 0.331193
0.326581 0.332396
0.328109 0.33421
0.329177 0.335394
0.330228 0.336749
0.331971 0.338333
0.333077 0.33945
0.334161 0.340544
0.335462 0.34174
0.336554 0.342962
0.33808 0.344816
0.339225 0.345988
0.340547 0.347285
0.342143 0.349044
0.343937 0.35083
0.345075 0.352129
0.348172 0.355682
0.349995 0.357438
0.35113 0.358551
0.35235 0.359618
0.35397 0.361429
0.355181 0.362613
0.356162 0.363763
0.35726 0.364853
0.359003 0.366561
0.360009 0.367826
0.361114 0.368826
0.362852 0.370444
0.364006 0.371737
0.365679 0.373533
0.366784 0.374818
0.367883 0.376068
0.368982 0.377308
0.370178 0.378386
0.371317 0.379429
0.372366 0.38064
0.374099 0.382404
0.375094 0.383564
0.376741 0.385261
0.377905 0.386454
0.379053 0.387514
0.380148 0.388651
0.381362 0.389649
0.382582 0.390885
0.383526 0.392079
0.384572 0.393112
0.38562 0.394254
0.386734 0.395507
0.387847 0.396655
0.389053 0.397815
0.390606 0.399554
0.391821 0.400722
0.392901 0.401797
0.394515 0.403311
0.395529 0.404629
0.396502 0.405995
0.398021 0.40769
0.399188 0.408695
0.400322 0.409731
0.401559 0.410847
0.403116 0.412469
0.404262 0.413577
0.40515 0.414943
0.406063 0.416196
0.407112 0.417201
0.408344 0.418123
0.409395 0.419174
0.411121 0.420736
0.412235 0.421817
0.412814 0.422302
0.413843 0.423471
0.415261 0.425362
0.416279 0.426347
0.417409 0.427426
0.418414 0.428556
0.419548 0.429714
0.420671 0.430785
0.421839 0.4319
0.422925 0.433204
0.423962 0.434341
0.425491 0.435852
0.426011 0.436357
0.426965 0.437594
0.428042 0.438877
0.429664 0.440452
0.430892 0.441469
0.432677 0.443248
0.433713 0.444392
0.43606 0.447134
0.439674 0.45076
0.440811 0.451804
0.443715 0.455392
0.446028 0.457693
0.449216 0.460872
0.451248 0.46312
0.453418 0.465312
0.454513 0.466483
0.457512 0.469722
0.459599 0.47198
0.461242 0.473394
0.463299 0.475691
0.464626 0.477416
0.46609 0.479111
0.467155 0.480354
0.468432 0.481422
0.470016 0.482943
0.471082 0.483963
0.473221 0.486356
0.476042 0.489828
0.477154 0.490968
0.478227 0.491856
0.479151 0.492856
0.480792 0.494498
0.481727 0.495664
0.483158 0.497318
0.484104 0.498413
0.484991 0.499523
0.486036 0.500614
0.487013 0.501493
0.488523 0.503012
0.489513 0.504174
0.491074 0.505694
0.492059 0.506824
0.492938 0.50801
0.494286 0.509672
0.49538 0.510728
0.49626 0.511705
0.497323 0.512614
0.498911 0.514262
0.499936 0.515116
0.501009 0.51621
0.502353 0.517931
0.503263 0.519018
0.504106 0.520152
0.504966 0.521176
0.505877 0.522117
0.507389 0.52366
0.508403 0.524532
0.509442 0.525535
0.51036 0.526597
0.511281 0.527707
0.512204 0.528785
0.513131 0.529747
0.514057 0.530777
0.514942 0.531877
0.517506 0.534429
0.519045 0.535906
0.52015 0.536966
0.521776 0.538354
0.522957 0.539367
0.523986 0.540281
0.525021 0.541096
0.526008 0.541907
0.527493 0.543315
0.528969 0.544655
0.529903 0.545581
0.531609 0.546905
0.532644 0.547821
0.533872 0.549439
0.534594 0.550473
0.535432 0.551568
0.537016 0.552976
0.538217 0.554536
0.539111 0.555936
0.540774 0.556925
0.541737 0.557951
0.542928 0.559673
0.543742 0.560705
0.54541 0.562242
0.54633 0.563157
0.547122 0.564035
0.547564 0.564457
0.549039 0.565821
0.550102 0.566787
0.551392 0.568439
0.552234 0.569461
0.553606 0.570955
0.554609 0.572045
0.555385 0.573059
0.556142 0.574103
0.557101 0.575117
0.558105 0.576086
0.559081 0.577138
0.560006 0.578064
0.560805 0.57903
0.561816 0.579957
0.562881 0.580889
0.564252 0.582124
0.565614 0.583394
0.566819 0.584121
0.568241 0.584826
0.56924 0.585585
0.572791 0.587829
0.573804 0.588582
0.574803 0.589459
0.576169 0.590698
0.576999 0.591536
0.577859 0.592364
0.578795 0.593223
0.579758 0.594001
0.580791 0.59484
0.581751 0.59575
0.582735 0.596707
0.583554 0.597764
0.584574 0.598564
0.585246 0.59952
0.586542 0.600963
0.587343 0.601919
0.588231 0.602842
0.589185 0.603729
0.591089 0.605468
0.592058 0.606334
0.592975 0.607101
0.593856 0.607981
0.594891 0.608777
0.595812 0.609699
0.597778 0.612127
0.598669 0.613001
0.599569 0.614322
0.600463 0.614924
0.601846 0.616143
0.602699 0.617036
0.60365 0.617915
0.604574 0.61888
0.605912 0.620134
0.606707 0.621045
0.607676 0.621903
0.608524 0.622922
0.609439 0.623929
0.611382 0.62554
0.612252 0.6265
0.613156 0.627602
0.614073 0.628329
0.614891 0.629062
0.615647 0.629987
0.616578 0.630963
0.617325 0.631982
0.618271 0.632907
0.619143 0.633863
0.619991 0.634709
0.621035 0.635614
0.621948 0.636459
0.622889 0.637284
0.623694 0.63818
0.624512 0.639075
0.625444 0.639995
0.626348 0.641049
0.629021 0.643601
0.630411 0.644932
0.631281 0.645758
0.632467 0.646955
0.633435 0.647858
0.634263 0.648737
0.635158 0.649895
0.636017 0.650875
0.63677 0.651804
0.638304 0.653155
0.638701 0.653578
0.640168 0.654712
0.641029 0.655433
0.641874 0.656219
0.642755 0.657176
0.643585 0.658173
0.644443 0.659194
0.645677 0.66054
0.646499 0.661466
0.647493 0.66243
0.648432 0.663299
0.649323 0.664106
0.650272 0.664864
0.651195 0.665748
0.652539 0.667203
0.655129 0.669978
0.656586 0.671264
0.657447 0.672138
0.658214 0.672937
0.659095 0.673712
0.659974 0.674668
0.661317 0.675915
0.661768 0.676333
0.663046 0.67768
0.663906 0.678647
0.664888 0.679524
0.665833 0.680581
0.66702 0.681789
0.66788 0.682695
0.668678 0.68359
0.669503 0.684528
0.670722 0.685773
0.671143 0.686235
0.67202 0.687038
0.673656 0.688206
0.674615 0.689416
0.675919 0.690326
0.676781 0.691136
0.677571 0.692143
0.67847 0.693025
0.67926 0.693897
0.67999 0.694741
0.680878 0.695782
0.681852 0.696744
0.682837 0.697591
0.683779 0.698479
0.68465 0.699347
0.685575 0.700126
0.686606 0.701044
0.687406 0.701999
0.688093 0.702878
0.688808 0.703818
0.689624 0.704793
0.691129 0.705998
0.692111 0.706797
0.692976 0.70753
0.693887 0.708414
0.694999 0.709132
0.696227 0.710563
0.697007 0.711409
0.697748 0.712323
0.698587 0.713494
0.699924 0.714903
0.700835 0.715809
0.702323 0.717167
0.703382 0.717947
0.704326 0.71887
0.7052 0.719652
0.705972 0.720522
0.706827 0.721526
0.708094 0.723049
0.70897 0.723888
0.71126 0.726022
0.712608 0.727384
0.713864 0.728565
0.71472 0.729435
0.715653 0.730331
0.716479 0.731392
0.717234 0.732332
0.718102 0.733169
0.719088 0.734037
0.720555 0.735338
0.721435 0.736181
0.722155 0.737007
0.723046 0.737815
0.724425 0.739173
0.725328 0.740055
0.726098 0.741122
0.727118 0.741935
0.728161 0.742841
0.729151 0.743784
0.729966 0.744715
0.730648 0.74572
0.731678 0.746412
0.734211 0.748826
0.73504 0.749803
0.736503 0.751174
0.737392 0.752247
0.738132 0.753166
0.738878 0.754069
0.739828 0.754894
0.740772 0.755649
0.741634 0.756433
0.74431 0.758931
0.745389 0.759733
0.746647 0.761186
0.747569 0.762073
0.748426 0.76306
0.749342 0.763947
0.750124 0.764747
0.751261 0.766056
0.752055 0.766934
0.753228 0.767742
0.754122 0.768666
0.754936 0.769599
0.756414 0.770934
0.757472 0.77164
0.758195 0.772574
0.759232 0.773925
0.759956 0.774946
0.760884 0.775818
0.762227 0.777205
0.763022 0.778128
0.764057 0.778892
0.765804 0.779964
0.766746 0.780733
0.767367 0.781838
0.768175 0.782628
0.769111 0.783456
0.769959 0.78428
0.770632 0.785256
0.771785 0.786625
0.77288 0.787515
0.773973 0.788311
0.775269 0.789569
0.776114 0.790497
0.777187 0.791347
0.778017 0.792255
0.779097 0.793613
0.780279 0.795161
0.781195 0.795948
0.782258 0.796757
0.783202 0.797655
0.786226 0.800242
0.787415 0.801527
0.788134 0.802412
0.789064 0.803416
0.789899 0.804369
0.790773 0.805308
0.791602 0.806331
0.792524 0.807306
0.794203 0.808594
0.795034 0.8094
0.795857 0.810362
0.796808 0.811338
0.79775 0.812266
0.799052 0.813593
0.799709 0.814566
0.800548 0.815466
0.801683 0.816256
0.803013 0.817458
0.803878 0.818365
0.805298 0.81964
0.806321 0.820483
0.807454 0.821869
0.808599 0.823367
0.810444 0.825201
0.81219 0.826898
0.813102 0.827716
0.814144 0.828543
0.815496 0.829723
0.816215 0.830719
0.817832 0.832293
0.818569 0.833256
0.819412 0.834172
0.820774 0.835507
0.8217 0.836345
0.822673 0.837141
0.823428 0.837861
0.824813 0.838908
0.825795 0.839751
0.827164 0.841251
0.827952 0.84208
0.828739 0.843158
0.829619 0.844229
0.830516 0.845062
0.831637 0.846391
0.832392 0.847283
0.833551 0.847855
0.834559 0.848647
0.835514 0.849491
0.836838 0.85091
0.837754 0.851791
0.83865 0.852755
0.839486 0.853698
0.840344 0.854636
0.841291 0.855544
0.842134 0.856392
0.843861 0.858095
0.844865 0.858864
0.845873 0.859714
0.84675 0.86063
0.847511 0.861624
0.848383 0.862583
0.849723 0.8641
0.850605 0.865004
0.851838 0.866209
0.852768 0.866995
0.853767 0.867755
0.85514 0.869135
0.855478 0.869552
0.856332 0.87042
0.857724 0.871879
0.858778 0.872705
0.859596 0.873703
0.86086 0.875009
0.86171 0.875921
0.862583 0.876777
0.863434 0.877495
0.86436 0.878409
0.865356 0.879267
0.866283 0.880186
0.867721 0.881579
0.869005 0.883109
0.869993 0.88398
0.870767 0.884953
0.871533 0.885923
0.872403 0.886738
0.87373 0.88799
0.874658 0.888907
0.875583 0.889749
0.876589 0.890705
0.87808 0.891882
0.878965 0.892842
0.879826 0.893815
0.881021 0.895089
0.88178 0.895971
0.882801 0.896944
0.883601 0.897776
0.884561 0.898701
0.88602 0.899931
0.886951 0.900966
0.88793 0.901963
0.888829 0.902781
0.890034 0.904234
0.890849 0.904969
0.891566 0.905896
0.892449 0.906827
0.893326 0.907669
0.894239 0.90855
0.895774 0.909896
0.896798 0.910632
0.897654 0.911465
0.898498 0.9125
0.899374 0.913492
0.900694 0.914882
0.901499 0.915756
0.902419 0.916709
0.903264 0.917587
0.904246 0.918337
0.905543 0.919524
0.906456 0.920374
0.907387 0.921358
0.908323 0.922216
0.909578 0.923589
0.910522 0.924577
0.911362 0.925661
0.913044 0.927475
0.913933 0.928407
0.914942 0.929216
0.915892 0.929987
0.917235 0.931145
0.918171 0.932056
0.919146 0.933324
0.919931 0.934044
0.920799 0.934901
0.921604 0.93598
0.923035 0.937359
